$ 1 0.000005 10.20027730826997 50 5 50
v 80 352 80 80 0 0 40 3.3 0 0 0.5
w 80 80 256 80 0
t 256 256 368 256 0 1 0.5489507077577955 0.7096655523891457 100
r 272 80 240 160 0 68
s 224 192 256 256 0 0 false
w 256 80 368 80 0
w 368 272 368 352 0
w 368 352 80 352 0
162 368 80 384 128 2 default-led 1 0 0 0.01
r 384 128 368 240 0 14
t 176 176 224 176 0 1 0.5947607117603183 0.6126889635841704 100
w 80 80 128 144 0
r 128 144 176 176 0 2000
403 304 128 432 192 0 3_64_0_4099_0.0000762939453125_0.00009765625_0_2_3_3
o 12 64 0 4097 5 0.00625 0 2 12 3
o 3 64 0 4097 5 0.00009765625 1 2 3 3
o 8 64 0 4097 5 0.1 2 2 8 3
