#Arduino switch for radio remote sockets

Starting with my fav. nano - then porting to esp8266

Starting Arduino sketch in \ArduinoRCSketch


Using

File > Examples > RC_Switch > ReceiveDemo_Advanced

Only compiles in examples folder...

5
Off:
17:08:41.869 -> Decimal: 6520392 (24Bit) Binary: 011000110111111001001000 Tri-State: not applicable PulseLength: 310 microseconds Protocol: 1
17:08:41.977 -> Raw data: 9628,300,916,908,308,904,308,304,912,304,912,304,916,908,304,912,308,300,912,908,312,904,312,904,308,912,304,912,304,908,308,300,916,300,920,904,308,300,916,296,920,904,312,304,912,28,40,48,16,
17:08:42.193 -> 

1 On:
17:06:11.589 -> Decimal: 6520320 (24Bit) Binary: 011000110111111000000000 Tri-State: not applicable PulseLength: 310 microseconds Protocol: 1
17:06:11.692 -> Raw data: 9632,296,920,904,312,904,308,304,912,304,912,304,916,912,300,912,308,296,916,908,312,904,312,904,312,908,304,908,308,908,312,296,920,296,920,904,312,296,920,296,920,904,312,908,308,912,304,908,364,
17:06:11.946 -> 

1 Off:
17:06:58.283 -> Decimal: 6520391 (24Bit) Binary: 011000110111111001000111 Tri-State: not applicable PulseLength: 310 microseconds Protocol: 1
17:06:58.356 -> Raw data: 9632,300,920,904,312,908,308,300,916,300,920,296,916,908,308,908,308,296,924,900,312,904,312,908,308,908,308,908,312,904,308,300,916,300,920,904,308,304,916,300,916,300,916,916,300,908,308,908,352,
17:06:58.605 -> 

2 On:
17:07:33.376 -> Decimal: 6488064 (24Bit) Binary: 011000110000000000000000 Tri-State: not applicable PulseLength: 310 microseconds Protocol: 1
17:07:33.481 -> Raw data: 9628,300,920,904,308,908,304,308,908,308,908,308,912,912,300,912,308,300,912,912,308,904,312,904,312,908,304,908,308,912,304,300,916,300,920,904,308,20,244,20,432,32,72,20,52,24,68,84,28,
17:07:33.702 -> 

2:Off:
17:07:43.304 -> Decimal: 6520387 (24Bit) Binary: 011000110111111001000011 Tri-State: not applicable PulseLength: 310 microseconds Protocol: 1
17:07:43.414 -> Raw data: 9628,300,920,904,312,908,308,300,916,300,916,300,912,912,304,912,308,300,916,908,308,904,312,912,304,912,304,908,312,904,308,300,916,300,920,904,308,304,912,304,912,304,912,304,916,44,100,48,72,
17:07:43.631 -> 

3 On:
17:07:53.588 -> Decimal: 6520397 (24Bit) Binary: 011000110111111001001101 Tri-State: not applicable PulseLength: 310 microseconds Protocol: 1
17:07:53.694 -> Raw data: 9628,300,920,912,300,912,308,300,916,296,920,300,912,908,308,908,308,300,920,904,308,904,312,908,308,908,308,908,312,900,312,296,920,296,924,900,316,296,916,300,916,908,308,908,312,296,916,908,352,
17:07:53.909 -> 

3:Off:
17:08:05.833 -> Decimal: 6520389 (24Bit) Binary: 011000110111111001000101 Tri-State: not applicable PulseLength: 310 microseconds Protocol: 1
17:08:05.946 -> Raw data: 9628,304,916,904,312,904,308,304,912,304,912,304,916,908,304,912,308,300,912,912,308,908,308,908,308,912,304,908,308,908,308,300,916,300,920,904,308,300,916,300,916,300,920,904,308,48,268,28,144,
17:08:06.165 -> 

4 On:
17:08:14.403 -> Decimal: 6520398 (24Bit) Binary: 011000110111111001001110 Tri-State: not applicable PulseLength: 310 microseconds Protocol: 1
17:08:14.510 -> Raw data: 9628,296,920,908,308,908,308,300,916,300,916,300,916,908,304,912,308,300,916,908,308,904,312,908,308,908,304,912,312,908,304,296,920,296,920,904,308,304,48,28,916,908,64,20,48,24,96,20,92,
17:08:14.765 -> 

4:Off:
17:08:24.760 -> Decimal: 6520390 (24Bit) Binary: 011000110111111001000110 Tri-State: not applicable PulseLength: 310 microseconds Protocol: 1
17:08:24.834 -> Raw data: 9628,300,916,908,308,908,304,308,908,308,908,308,912,912,304,908,308,300,916,908,312,904,312,904,308,912,304,908,308,912,308,296,920,296,920,904,308,16,524,32,1008,20,36,96,24,44,40,288,80,
17:08:25.082 -> 


https://www.instructables.com/id/Using-an-ESP8266-to-Control-Mains-Sockets-Using-43/